	(1)	(2)	(3)	(4)	(5)	(6)	(7)	(8)	(9)	(10)	(11)	(12)
VARIABLES	res	res	res	res	res	res	res	res	res	res	res	res
												
Dea	-0.0071			-0.0068			-0.0030			-0.0031		
	(0.0058)			(0.0060)			(0.0038)			(0.0039)		
PageRank_C1	5.6986	3.0669	9.7254				-1.8562	-1.5829	-1.2425			
	(5.6965)	(6.4138)	(6.3978)				(6.3252)	(5.4721)	(5.6848)			
Dea_PageRankC	6.8424*						-0.4328					
	(3.8650)						(2.5505)					
lnage	0.2269***	0.2278***	0.2232***	0.1617*	0.1626**	0.1627*	-0.0247***	-0.0254***	-0.0225**	-0.0255**	-0.0263**	-0.0226**
	(0.0772)	(0.0624)	(0.0763)	(0.0863)	(0.0730)	(0.0872)	(0.0091)	(0.0095)	(0.0093)	(0.0098)	(0.0102)	(0.0098)
klr	0.0210	0.0189	0.0181	0.0179	0.0161	0.0164	-0.0000	-0.0000	-0.0000	-0.0000	-0.0000	-0.0000
	(0.0145)	(0.0141)	(0.0149)	(0.0159)	(0.0162)	(0.0161)	(0.0000)	(0.0000)	(0.0000)	(0.0000)	(0.0000)	(0.0000)
lnsize	-0.0234	-0.0256	-0.0271	-0.0246	-0.0270	-0.0278	-0.0090	-0.0090	-0.0084	-0.0081	-0.0082	-0.0079
	(0.0204)	(0.0193)	(0.0214)	(0.0199)	(0.0191)	(0.0210)	(0.0070)	(0.0072)	(0.0073)	(0.0070)	(0.0068)	(0.0072)
bsize	-0.0335	-0.0138	-0.0233	-0.0268	-0.0132	-0.0209	0.0538	0.0548	0.0549	0.0535	0.0532	0.0541
	(0.0444)	(0.0490)	(0.0419)	(0.0416)	(0.0485)	(0.0390)	(0.0483)	(0.0474)	(0.0482)	(0.0469)	(0.0469)	(0.0483)
dual	-0.0423	-0.0321	-0.0433	-0.0369	-0.0331	-0.0349	0.0021	0.0022	0.0023	0.0020	0.0024	0.0017
	(0.0294)	(0.0294)	(0.0298)	(0.0301)	(0.0324)	(0.0288)	(0.0125)	(0.0128)	(0.0127)	(0.0127)	(0.0129)	(0.0129)
lnrd	-0.1246	-0.1237	-0.1023	-0.0962	-0.0876	-0.0960	-0.0006	-0.0007	-0.0006	-0.0006	-0.0007	-0.0006
	(0.0780)	(0.0740)	(0.0746)	(0.1066)	(0.0993)	(0.1045)	(0.0009)	(0.0009)	(0.0008)	(0.0009)	(0.0008)	(0.0008)
indrate	-0.2354**	-0.2059*	-0.1946*	-0.1662	-0.1352	-0.1587	0.1784	0.1842	0.1806	0.1719	0.1784	0.1593
	(0.1012)	(0.1137)	(0.1031)	(0.1016)	(0.1104)	(0.1059)	(0.3320)	(0.3341)	(0.3272)	(0.3303)	(0.3410)	(0.3306)
own	-0.0171	-0.0211	-0.0141	-0.0188	-0.0196	-0.0186	-0.0573*	-0.0600*	-0.0572*	-0.0578*	-0.0589*	-0.0587*
	(0.0191)	(0.0195)	(0.0184)	(0.0194)	(0.0198)	(0.0191)	(0.0342)	(0.0339)	(0.0320)	(0.0328)	(0.0313)	(0.0319)
lev	0.0346	0.0301	0.0371	0.0350	0.0329	0.0417	0.0573*	0.0555*	0.0583**	0.0561*	0.0537*	0.0576**
	(0.0470)	(0.0545)	(0.0444)	(0.0427)	(0.0485)	(0.0433)	(0.0290)	(0.0297)	(0.0284)	(0.0292)	(0.0297)	(0.0284)
Breadth		0.0040			0.0010			0.0006			0.0006	
		(0.0073)			(0.0068)			(0.0064)			(0.0065)	
Breadth_PageRankC		7.1520*						-0.1646				
		(4.0466)						(3.4442)				
Depth			-0.0061			-0.0042			-0.0050			-0.0057
			(0.0055)			(0.0053)			(0.0037)			(0.0035)
Depth_PageRankC			6.6407**						0.0088			
			(2.8649)						(2.1266)			
PageRank_P1				-2.1086	-2.0165	-0.8182				-0.0172	0.8049	-1.8037
				(3.4820)	(3.8575)	(3.2948)				(4.0032)	(3.6108)	(3.9576)
Dea_PageRankP				2.2544						-1.1247		
				(3.5309)						(1.8168)		
Breadth_PageRankP					2.0483						-1.2859	
					(3.5127)						(1.9980)	
Depth_PageRankP						2.5234						-2.5356
						(2.4025)						(1.6256)
Constant	0.1228	0.0608	0.1133	0.2692	0.2237	0.2629	0.7330***	0.7294***	0.7133***	0.7194***	0.7187***	0.7098***
	(0.2237)	(0.2719)	(0.1923)	(0.2139)	(0.2466)	(0.2183)	(0.1941)	(0.1956)	(0.1882)	(0.1870)	(0.1833)	(0.1929)
												
Observations	154	154	154	154	154	154	489	489	489	489	489	489
R-squared	0.8740	0.8721	0.8729	0.8706	0.8684	0.8700	0.7575	0.7570	0.7583	0.7580	0.7575	0.7597
report_constant	1	1	1	1	1	1	1	1	1	1	1	1
converged	1	1	1	1	1	1	1	1	1	1	1	1
ic	11	11	11	11	11	11	9	9	9	9	9	9
sumweights	154	154	154	154	154	154	489	489	489	489	489	489
r2_a_within	0.0468	0.0320	0.0379	0.0209	0.00429	0.0165	0.0237	0.0217	0.0266	0.0253	0.0234	0.0322
r2_a	0.756	0.752	0.754	0.749	0.745	0.748	0.640	0.640	0.641	0.641	0.640	0.644
r2_within	0.172	0.160	0.165	0.150	0.136	0.146	0.0580	0.0561	0.0608	0.0596	0.0578	0.0663
r2	0.874	0.872	0.873	0.871	0.868	0.870	0.758	0.757	0.758	0.758	0.757	0.760
ll_0	356.1	356.1	356.1	356.1	356.1	356.1	1015	1015	1015	1015	1015	1015
ll	370.7	369.5	370.0	368.6	367.3	368.3	1030	1029	1031	1030	1030	1032
F	3.990	9.775	4.870	2.633	9.989	4.439	2.361	2.157	2.153	2.044	2.124	2.441
rmse	0.0304	0.0307	0.0306	0.0308	0.0311	0.0309	0.0359	0.0359	0.0358	0.0359	0.0359	0.0357
mss	0.508	0.507	0.507	0.506	0.504	0.505	1.325	1.324	1.326	1.325	1.324	1.328
rss	0.0732	0.0743	0.0739	0.0752	0.0764	0.0755	0.424	0.425	0.423	0.423	0.424	0.420
tss_within	0.0884	0.0884	0.0884	0.0884	0.0884	0.0884	0.450	0.450	0.450	0.450	0.450	0.450
tss	0.581	0.581	0.581	0.581	0.581	0.581	1.748	1.748	1.748	1.748	1.748	1.748
df_m	12	12	12	12	12	12	12	12	12	12	12	12
df_r	23	23	23	23	23	23	67	67	67	67	67	67
rank	12	12	12	12	12	12	12	12	12	12	12	12
N_full	221	221	221	221	221	221	627	627	627	627	627	627
num_singletons	67	67	67	67	67	67	138	138	138	138	138	138
drop_singletons	1	1	1	1	1	1	1	1	1	1	1	1
df_a_nested	52	52	52	52	52	52	0	0	0	0	0	0
df_a_redundant	53	53	53	53	53	53	1	1	1	1	1	1
df_a_initial	64	64	64	64	64	64	149	149	149	149	149	149
df_a	11	11	11	11	11	11	148	148	148	148	148	148
N_hdfe_extended	2	2	2	2	2	2	2	2	2	2	2	2
N_hdfe	2	2	2	2	2	2	2	2	2	2	2	2
N_clust1	24	24	24	24	24	24	68	68	68	68	68	68
N_clustervars	1	1	1	1	1	1	1	1	1	1	1	1
N_clust	24	24	24	24	24	24	68	68	68	68	68	68
Robust standard errors in parentheses												
*** p<0.01, ** p<0.05, * p<0.1												
